0 0.24213020719054648 0.18807845051320246 0.2944425289157758 0.12239777771748817 0.38749145384790185 0.17446640989173062 1 0.37076341716940836 0.16656758790233492 1 0.3863389307930573 0.2333740693499824 1 0.3699985988137677 0.22543993125749637 1 0.3525560512327787 0.12854231889460002 1 0.3498844825094206 0.23798204842998702 1 0.32862049091092066 0.14833712784459072 1 0.33089905941369113 0.17979836908508906 1 0.09562702852111374 0.2097939920473348 1 0.09829594948378005 0.24393526208841868 1
0 0.2434416826003825 0.3527933412652897 0.2936902485659658 0.1637530729308932 0.3882689705475071 0.3126401838288906 1 0.37115453805254106 0.3055745928237964 1 0.38715800451938115 0.37247106907713196 1 0.3703897196969003 0.36003114488168353 1 0.35063634783433156 0.27453895590259314 1 0.3513649046846372 0.3811336883549345 1 0.3319758112472211 0.3393916258822087 1 0.33093736822976483 0.38068691035392255 1 0.09819572397010255 0.39597646587218904 1 0.09939734376156556 0.42957092225373344 1
0 0.23770554493307863 0.48064333403486625 0.3036328871892931 0.15674759387502765 0.3880504034924154 0.4486093513623091 1 0.37151615508280683 0.4419255524671706 1 0.3869494176951156 0.5194147289626799 1 0.3715161550828067 0.5124986055070153 1 0.3526305642905678 0.40577227662528514 1 0.35258432255440686 0.5117301473452749 1 0.34208861280613323 0.4539170740143309 1 0.3414625196589754 0.4995420434776694 1 0.08769685381540063 0.5158226338345442 1 0.08853103477528258 0.5561041384057798 1
0 0.2338814531548759 0.594920211133697 0.31281070745697936 0.1453636904092421 0.3881779841098091 0.5943938254161406 1 0.37207454899752745 0.5873688505929565 1 0.3878185294628889 0.6595470551418913 1 0.3720745489975274 0.6516074039020905 1 0.35307618159695336 0.5265371826224485 1 0.35114118117695203 0.6379083780674264 1 0.333660973222209 0.5735333543870745 1 0.3325826092814483 0.6155873491368703 1 0.07956196766904222 0.6201201150380458 1 0.08036121782103281 0.6666110214997093 1
0 0.2403824091778204 0.7437866410708731 0.30057361376673075 0.1681314973408101 0.3888153050166462 0.7404065624123074 1 0.3741338032913138 0.7314758763338978 1 0.38731444463758047 0.8065264572675201 1 0.372986575757853 0.7981237815539431 1 0.35344278874263235 0.6630246126370408 1 0.3557084674773386 0.7685048370577667 1 0.34724015845279804 0.7269106174871941 1 0.3457968507381628 0.7655561022510882 1 0.09459760125152092 0.7880217247892446 1 0.09234631068292223 0.8263130364468815 1
0 0.24783938814531542 0.881707009983254 0.28795411089866135 0.1847695100984948 0.39021719477335304 0.871782039771685 1 0.37522347816034407 0.8615548851667026 1 0.38992177994090044 0.928508224074713 1 0.3740762506268832 0.9179675125453839 1 0.3540495867768595 0.7930240137533017 1 0.3551098199649528 0.906465009828422 1 0.350336026055056 0.8669064732951876 1 0.349832190735518 0.9030158836606104 1 0.10690422388319144 0.9335560031625094 1 0.1047402603343212 0.9705735913554434 1
0 0.7128510444546179 0.1601351091826827 0.16195977208594461 0.15724356925673055 0.6344384499861007 0.16922604833336313 1 0.651834746177625 0.16005936692783962 1 0.6343023036759565 0.23613177834994303 1 0.6510814505090753 0.2267440638110068 1 0.6699594605641053 0.10038280838116412 1 0.6708489025427994 0.1905626857442203 1 0.7039192795382121 0.11146073238705771 1 0.7065240232819798 0.16225656459434454 1 0.7898931938961856 0.08528688697096523 1 0.7925138331880318 0.13598302293366557 1
0 0.7156079140658782 0.2944661542846084 0.16911487758945282 0.1673234265457594 0.6342451009538166 0.30793718948128335 1 0.652145539120251 0.3013604888032132 1 0.6353134439409008 0.3738226088775984 1 0.6528988347888008 0.3678923770739666 1 0.667429675594883 0.24259902838956657 1 0.6705044587848231 0.3377083612855396 1 0.7029568719768355 0.2605017357341523 1 0.7042786617667139 0.3120448271067349 1 0.7974089755279578 0.21533052321803592 1 0.7975048986714848 0.27021637072601684 1
0 0.7148546183973273 0.4350523322586221 0.16308851224105203 0.16732342654575783 0.6342093038456001 0.4498195055451364 1 0.6516443796052238 0.438978350534449 1 0.6348854350383156 0.5169930621788835 1 0.6531509709423235 0.5051694024926892 1 0.6681176026310379 0.3674251272934322 1 0.6693247106096972 0.46041743464266865 1 0.7014674009958392 0.39855004332485316 1 0.7034957945739853 0.4478848994332662 1 0.7933172104192435 0.3546717685576127 1 0.7948963789597291 0.4046178897898754 1
0 0.7141013227287798 0.5760697561773418 0.16384180790960384 0.171635885992814 0.6346574639807282 0.5925691140098444 1 0.6534583181963906 0.5818719743424724 1 0.6342519818624895 0.6592946229088327 1 0.6534583181963906 0.6470405173631734 1 0.6674483523469956 0.4935057598546231 1 0.6704903693051589 0.5965343364624618 1 0.7023855927258059 0.5358350695959824 1 0.7022990898739152 0.580270203690709 1 0.7935740157607948 0.5148104296424151 1 0.7929657925834367 0.5620122584992786 1
0 0.7173028293201142 0.7024248179760727 0.1672316384180785 0.2035480859010255 0.6357696318028141 0.7383190421269568 1 0.6544385200199951 0.7256728948133828 1 0.6368371556341039 0.8010457249932206 1 0.6544385200199951 0.7855320721771893 1 0.6671090580169463 0.6343271628893862 1 0.6705613081969557 0.7317103380392611 1 0.7000238846549098 0.6531899725227411 1 0.7009665691431299 0.7036177450698701 1 0.7970152073375795 0.604856823135611 1 0.7989931409187894 0.6561358863787818 1
0 0.7206926598285893 0.8503421770100815 0.16873822975517824 0.17508585355045905 0.6391235013719135 0.8696330322471812 1 0.6548073039586438 0.8569788840812009 1 0.6375733309465506 0.9354512444832825 1 0.654054008290094 0.9242260485570876 1 0.6703401361324621 0.7654651342566693 1 0.6707603630550003 0.8567324578270836 1 0.7034524612324604 0.7906054126880947 1 0.7048283153047706 0.8439887001141518 1 0.803058693042082 0.7708065033231897 1 0.8031816483268247 0.8250650840025078 1