0 0.24137281861448837 0.10233924721497306 0.27423796932839667 0.1966813303037504 0.37653570667034086 0.0064579209305571155 1 0.3618449628272841 0.017674904984718333 1 0.37688341906639106 0.03619345547231655 1 0.36184496282728407 0.05118435800700885 1 0.3425606286411054 0.08595755381582994 1 0.3416967872127972 0.19693062093908206 1 0.30701279037698087 0.10732112683828118 1 0.30444302433932485 0.15380707055601026 1 0.10663641171097543 0.02969333238556961 1 0.1053515286921474 0.07451698044560039 1
0 0.2457874140666294 0.24932932746787728 0.26580645161290106 0.21459057071960322 0.37698543845311083 0.15359704132084573 1 0.36311663153846335 0.16560144244967076 1 0.37662612374405074 0.18903901869830683 1 0.36311663153846346 0.20239359039389254 1 0.3419516369405317 0.22842764850168337 1 0.3441174032624949 0.35420122975913565 1 0.31655142085780286 0.22750156997191817 1 0.31573154124675185 0.26975498475989523 1 0.11443257535695397 0.14745203425417983 1 0.11711940974497677 0.18568090216046693 1
0 0.24010999471179093 0.39294506656748573 0.27870967741935265 0.21392414037575133 0.3775876638245907 0.28886261840340766 1 0.3627192638189781 0.3024706561852438 1 0.3777287630402385 0.3558951250672505 1 0.36220313478672006 0.36872916397107236 1 0.3435426793292281 0.37764746094730234 1 0.34520803172648357 0.4968779079196847 1 0.30957380085471603 0.4045853420260654 1 0.30793258237262705 0.4470452389428418 1 0.10223316186721798 0.33076241709056653 1 0.10102545585197988 0.3743833123243649 1
0 0.24423902696985608 0.5345615146355462 0.2689032258064493 0.22258773484579875 0.3768011226916998 0.4264835754582027 1 0.3611881633405093 0.44015343423668546 1 0.3774706985241094 0.4876220683017645 1 0.3611881633405093 0.5006415701955261 1 0.3426981045491694 0.5232927833668183 1 0.343060786781276 0.6417962154186374 1 0.3158488432995377 0.5237181118237464 1 0.31682531273225045 0.5566699394562851 1 0.11074929089947598 0.4666659868585208 1 0.11214075142228389 0.5005933498181417 1
0 0.23546483342146898 0.6885069240648267 0.2843870967741919 0.23191775965969463 0.3760515681869362 0.5750913600370209 1 0.36274193847415787 0.5866382857906615 1 0.37593404163261385 0.6426864377703472 1 0.36170968040964174 0.6553350136842295 1 0.34280687554357087 0.6738454565001365 1 0.3444727891946675 0.8011336521754289 1 0.31711261857349976 0.7366259150146304 1 0.3139213292331134 0.781263147433298 1 0.09938272198451992 0.6733558342066959 1 0.09456160761501854 0.7160073762130765 1
0 0.23740031729243732 0.834121954195987 0.2820645161290314 0.2112584190003524 0.37655546188545863 0.7312246145376223 1 0.361647044480977 0.743876899711303 1 0.3766847747704437 0.7898272100987431 1 0.3613889799648481 0.8037925732411965 1 0.3438327353142987 0.8096457852036912 1 0.34344535791318465 0.9365704734187018 1 0.3223405858524009 0.8939127493126563 1 0.31782529870090437 0.9290221297281593 1 0.10121263400798042 0.826692306819008 1 0.09740660333545799 0.8598320702813519 1
0 0.6887856424721717 0.13404226462792052 0.1547445255474472 0.26808452925583914 0.6134314738872924 0.003323165935709594 1 0.6289098792872918 0.018074242358169727 1 0.6129893584642109 0.034400795292796556 1 0.6289098792872918 0.04849440315968043 1 0.6434788921554699 0.1082471039074654 1 0.6439210075785513 0.2092646994506083 1 0.6754993993261534 0.14638377730408203 1 0.6734431260496099 0.1963776163266713 1 0.7623921454582387 0.21437406944899978 1 0.7635537898418647 0.26252664679865717 1
0 0.6900630147349467 0.2643145765807771 0.15437956204379488 0.2318520895163229 0.6151690589369648 0.15532342621468279 1 0.6286106377890839 0.17149785211650317 1 0.6144326232286436 0.18626641440480318 1 0.6282456742854343 0.1999176298659399 1 0.6452162390819343 0.2453791324628515 1 0.6419380762501095 0.34545423983722884 1 0.6722330632803322 0.2643775256978005 1 0.6747682817028136 0.3082740433020495 1 0.7653284427376017 0.33086753055366286 1 0.7647712344305942 0.3743076670594927 1
0 0.687873233713049 0.4127564631613496 0.15510948905109567 0.2516443410603997 0.6129097459382952 0.29127341023929804 1 0.6292122957616079 0.3092541260823705 1 0.6125414487097319 0.34979335744537643 1 0.6288473322579582 0.36697846639273796 1 0.6449990707161264 0.3937353383008091 1 0.642082696411843 0.49115434265412 1 0.6763017951631248 0.425461693280553 1 0.6748319399737852 0.48334515497006275 1 0.7642999092273165 0.4813500176777409 1 0.7593679013406759 0.53241574027631 1
0 0.6893237595869797 0.5616168988008944 0.15875912408759063 0.2714365926044766 0.613161321459327 0.432584323302507 1 0.6277461298336441 0.4456602537775137 1 0.612017853813921 0.489084653004088 1 0.6273811663299944 0.5038077520412048 1 0.6422449757298285 0.5477794588685647 1 0.6408336988496871 0.650853392234469 1 0.6719626727291585 0.5796212205628513 1 0.6685322697929409 0.6378701368484129 1 0.7662647018563894 0.6344131811718835 1 0.7623597193663827 0.6930188091205768 1
0 0.6882288690760309 0.6940364865124528 0.15729927007299238 0.24033448303521274 0.6110062270514124 0.5772571315013095 1 0.6271368519184601 0.5903505478421562 1 0.61060776754982 0.6439657096801691 1 0.6264069249111608 0.6587412663148052 1 0.6412134259922403 0.680584609921891 1 0.6419768489974821 0.7857148811105562 1 0.6697563024570948 0.7147292601472799 1 0.6674660334413692 0.7684038739291483 1 0.7662149341058917 0.7495715964196774 1 0.7630625003279559 0.8063779287734548 1
0 0.68822886907603 0.8339959795741364 0.1551094890510941 0.22808213684126086 0.612813582201065 0.7259578088963113 1 0.6271612992344943 0.736687136175616 1 0.6120676215644186 0.7936333554561121 1 0.6271612992344942 0.8022591330748887 1 0.6414788539948947 0.820629783726189 1 0.6418598511278912 0.9274736697671552 1 0.6698715540898263 0.8493555641278219 1 0.6712833072163842 0.9033921353325742 1 0.7640251530839939 0.8875674267475501 1 0.7638186208881488 0.945230566527478 1