0 0.7343828911988193 0.2161143299023425 0.4369851484536799 0.041383235537858144 0.9499096876790819 0.19971135641283505 1 0.9257391447573211 0.19960342705349984 1 0.9491102672988198 0.2167187077279444 1 0.9261603320000951 0.217124048341153 1 0.8297693001851212 0.19806603919867616 1 0.824672099166545 0.23489174929722317 1 0.7621651633422478 0.2180738798766521 1 0.7606092766870098 0.23251730339185026 1 0.5183919533705015 0.2066500563600303 1 0.5178246036642696 0.2221463966444478 1
0 0.7300754837166323 0.2547142135481845 0.4418254176700894 0.05905942398833394 0.9477639758115364 0.24675433321186538 1 0.9275735528170121 0.24687134551574288 1 0.9471592176173661 0.26307924053203335 1 0.9254676166031413 0.2637948417892731 1 0.8236260435775972 0.24604752478670897 1 0.8259155507428643 0.28270281262683095 1 0.7591243043432733 0.2490993138913078 1 0.7564676552752141 0.26194496519328936 1 0.51425531154422 0.22726603545681068 1 0.5114528316604806 0.24413542199444366 1
0 0.734287356144374 0.30830517235241317 0.43508642178570306 0.04301859278162556 0.9479042188886757 0.2935122469298332 1 0.9233299860034504 0.29331542276550737 1 0.9490162704605066 0.31247432750328813 1 0.9241723604889989 0.31224841935591763 1 0.8294356428188375 0.29246319442512736 1 0.8308507147036516 0.32742822939016236 1 0.7648304846203785 0.29472227589883304 1 0.7643759541509036 0.31033834567874846 1 0.5178736928571432 0.28883784212001884 1 0.5189099893507282 0.30467982004730476 1
0 0.7338661689015982 0.35095920078843207 0.4350864217857027 0.0481224936201234 0.9466004437633161 0.3424582230931417 1 0.9233211921854197 0.3415965255489798 1 0.9439428786725453 0.3595596051234338 1 0.924163566670968 0.35952646291019685 1 0.8317852410739827 0.33480237183539485 1 0.8331792444364309 0.37149080188875383 1 0.7648738124946353 0.3376857443870139 1 0.764482487592258 0.35581453502765287 1 0.5174716504890406 0.3283064980409429 1 0.5181183625234003 0.34537473785799777 1
0 0.7189668748714264 0.48392897656547945 0.4668274813356968 0.04518267771127611 0.9474247665518196 0.4842558591044336 1 0.9233678063076994 0.48406072698670854 1 0.9475888636472598 0.5026064512435718 1 0.9233947808430744 0.5014703940974456 1 0.8201909905440565 0.46509511110479324 1 0.8206630810074983 0.5034911863951416 1 0.7784512478134218 0.47205039622244455 1 0.7760915534782511 0.4922310258197779 1 0.4883771165997874 0.4638946910088413 1 0.489814713754587 0.4813801003775541 1
0 0.7143122816338533 0.5220977039395146 0.4707614201430365 0.06467840459935292 0.9464166148941277 0.5331117655926609 1 0.924929978849482 0.532767774077785 1 0.9457492231944744 0.5511899863298826 1 0.9240997117945561 0.5501580117852547 1 0.8153406864537132 0.5115302979355297 1 0.8155929446259035 0.5463194398033636 1 0.7700603445455307 0.5099923358719272 1 0.7684733029740332 0.5258159455562218 1 0.4812148059633848 0.49188811577602304 1 0.4800061516501731 0.5069470776549633 1
0 0.7143122816338533 0.5722234675040128 0.46661008486840094 0.05569529284944153 0.9450919434902699 0.5797362821879181 1 0.9249126440001404 0.5776390005875308 1 0.9440509496730347 0.5972405170834574 1 0.9244975104726774 0.5952605659222526 1 0.8183118074023326 0.5544369062391915 1 0.818107400637179 0.5925253000588107 1 0.7730516894850487 0.5609414124613713 1 0.7720043756706574 0.5772870092699836 1 0.4837433465397503 0.5471184200951831 1 0.4821818558138972 0.562210047835032 1
0 0.711821480469075 0.6228882177735056 0.47242195425288275 0.047790154509521336 0.9446176728465634 0.6255458188860129 1 0.9230141168545354 0.6240805216966768 1 0.9439566011440659 0.64491667440491 1 0.9230141168545355 0.6437547030668697 1 0.8124175974834779 0.6019330680005348 1 0.8118332686035865 0.6377348515565403 1 0.7673659491866621 0.6185833239608878 1 0.7645524670242434 0.6353222444008502 1 0.47885609273916335 0.6048216634151812 1 0.47807205194914826 0.6205666083732055 1
0 0.7336159906608799 0.7648213834220854 0.43049346797911914 0.04779015450952054 0.9451710337403915 0.7687382868051377 1 0.9217374774290623 0.7655096997769509 1 0.9453718290785988 0.7856498696527607 1 0.922567744483988 0.7820726245581398 1 0.8326733689391927 0.7426249309345825 1 0.8353785082932265 0.7794720220396686 1 0.7704993134908386 0.7557599402710187 1 0.7690260318681459 0.7741994854289049 1 0.5193693510783927 0.7575085638049717 1 0.5198781108494352 0.7734168380675399 1
0 0.7334084238971507 0.8111742400516238 0.4234361980122514 0.04491555874955027 0.9418298318154626 0.8123985431854802 1 0.9227884026703995 0.8095759461428739 1 0.9396165688114985 0.8314007411312643 1 0.9223732691429364 0.8286821415233879 1 0.8361419639496481 0.7898270999477468 1 0.8317130905142045 0.823897592875588 1 0.7671375264323165 0.8051553885166288 1 0.7675550073872944 0.8210889954876567 1 0.5230489437081784 0.802890777710362 1 0.5236728177131305 0.8172310906493093 1
0 0.723652786001768 0.9013646820207175 0.43464480325374716 0.052820697089466656 0.9386274892566142 0.9076108612816338 1 0.917131102359214 0.9042556107111479 1 0.9372201161756893 0.9245971089541912 1 0.916715968831751 0.9213585221726652 1 0.8141467487053073 0.8765549606605159 1 0.8184600564784734 0.9128793979910617 1 0.751258172435652 0.8816321687560494 1 0.749111720830192 0.8994303963997675 1 0.5084249217180048 0.8906292801606347 1 0.5081819629702007 0.9062762275359328 1
0 0.7204611058196275 0.9462757459957801 0.4417020732206232 0.06036651095939508 0.9393400324603072 0.9530682451141347 1 0.916979972808729 0.9495003331226306 1 0.9371041980379294 0.9723131037409551 1 0.9165648392812659 0.9684365326963743 1 0.8147753262325018 0.9173337932306146 1 0.8178414277098056 0.9558141773811387 1 0.7526637484703161 0.9269942216067146 1 0.7534286486975165 0.9484663586273349 1 0.500496945381623 0.9303594719305398 1 0.5015020957864177 0.9481623661258165 1