0 0.5228722853490173 0.02664617923603148 0.35845156780056814 0.05329235847206296 0.699231771002624 0.0007053432758690497 1 0.6900180032043162 0.0011840984119361366 1 0.6978614018890846 0.008684311868531226 1 0.6895731295268521 0.01077963549874319 1 0.6565313800471118 0.026146616648052852 1 0.6625388975151218 0.052501301578419 1 0.6035187295539457 0.030611287375931374 1 0.6035810557323508 0.04267809132339878 1 0.3460283094671681 0.022722385411331824 1 0.3469869022272646 0.0329228558820107 1
0 0.5431133302247604 0.17342411970186344 0.31797811186450786 0.04946675743135785 0.6991306878770435 0.14978741085655944 1 0.6863034965591742 0.1522063993691004 1 0.698259245551196 0.1616752280541111 1 0.6858439906171734 0.1643939589650039 1 0.6652127934248286 0.17123751574534957 1 0.6665437416926767 0.1964866029413394 1 0.6431317240692506 0.17990226018759078 1 0.6418959149177105 0.1902534766070753 1 0.38750790895633075 0.17061150879823012 1 0.3880387692355626 0.18051311162018685 1
0 0.545131719699448 0.33334046051011434 0.30649046331449165 0.03585205355116755 0.695305874300677 0.31698869599790175 1 0.6863842634423083 0.31834502036093293 1 0.6945093840097362 0.32817098514629245 1 0.6858878931817967 0.3294200992283365 1 0.6669292761029131 0.32412990705177436 1 0.6672662604518532 0.3498121893712247 1 0.6472321811375976 0.3310147205105447 1 0.6480592518587804 0.3422824245721805 1 0.39316057269957044 0.3299487826557321 1 0.39334435508916127 0.34063426236776045 1
0 0.5403086380276201 0.48475806057028104 0.3198161356325121 0.027910142954389563 0.6965447556857836 0.4750852639189785 1 0.6867307361072061 0.47541194945426074 1 0.696554338856294 0.48591925657387997 1 0.6871902420492068 0.4863441272638089 1 0.6671702537175137 0.4722882295163815 1 0.665733173368238 0.4972278916241851 1 0.645683903774908 0.48472501312889205 1 0.6440215675767261 0.4937501220275787 1 0.3826354400201866 0.4845077840873899 1 0.383182789747098 0.4939143067682489 1
0 0.5530015361745003 0.6435482523463721 0.28641048632885596 0.02224675091031396 0.6944736206288986 0.6428287606264282 1 0.6871646333752001 0.6423178903990439 1 0.6941496386559665 0.6536517470606341 1 0.6869924268168985 0.6530347316243598 1 0.6684627587375678 0.6331553493030994 1 0.6642406606432557 0.650689437633648 1 0.6447724192245216 0.6402780201425844 1 0.6445725471314373 0.6483554883970438 1 0.411699572758021 0.6441620417257212 1 0.4118293896824792 0.6538367328163415 1
0 0.5583660760934716 0.7822136219379663 0.2825961543304538 0.035398230088495276 0.6968010854613167 0.7886534526508698 1 0.6860638673747407 0.7866717340306975 1 0.6960925388913329 0.7985874714344462 1 0.6858591232958753 0.796663396571161 1 0.6608226096654495 0.7658140922641011 1 0.6629096740614356 0.7870406533136711 1 0.6385311749319004 0.7723490659292898 1 0.638243558989952 0.7823542314338232 1 0.4192610954696135 0.7751945137810587 1 0.41911728749863936 0.7843328680521564 1
0 0.5543276159614002 0.8045968617503336 0.28811022563446215 0.0313138189244365 0.6957339819446307 0.8094544889354176 1 0.6853448722746568 0.8075201921072941 1 0.6942816952813441 0.8187873966934042 1 0.6846311236852741 0.8171125049373024 1 0.6637564876285315 0.7895175457860638 1 0.6653650582336735 0.8090113263417913 1 0.633093310340101 0.7977309926847194 1 0.6342411757706838 0.8083583762577414 1 0.41194343384235643 0.8072292904257476 1 0.41182810764464667 0.8186780186886354 1
0 0.5450633208213125 0.833594925603896 0.3221136653425157 0.03948264125255436 0.7042452372884621 0.8396634263112408 1 0.6915652678020855 0.837312447020537 1 0.7033004579393889 0.8500801260334753 1 0.690646255918084 0.8480918067253077 1 0.658961932106086 0.814998477803913 1 0.6675620285273162 0.8338115231656309 1 0.6229462801009051 0.8230822608560905 1 0.6224188176472558 0.8323157580794739 1 0.3872856896452427 0.8428888343921204 1 0.3870219584184178 0.852522268804316 1
0 0.5493590523593258 0.8528276819148001 0.30327392172048384 0.04061719990923308 0.6976799032533414 0.8621208440267527 1 0.6905473158443449 0.8607381494172909 1 0.6981936012574617 0.870874265829522 1 0.6902440938441997 0.8694825399097368 1 0.6673419499302313 0.8340249507226913 1 0.6648829235690157 0.8537043863313303 1 0.6336289243734279 0.8512698213177515 1 0.6322753905590613 0.8570478612297989 1 0.4011892726978184 0.8668585309646154 1 0.4009720117326357 0.8728407493362142 1
0 0.5576189096406765 0.8790089369546117 0.2922457791124693 0.04288631722259952 0.7003952140814661 0.8895401251090647 1 0.6889312770993721 0.8868668607417424 1 0.7000448650271834 0.8986637448521534 1 0.6889312770993722 0.8960898333022622 1 0.6658686358946571 0.8588653637136965 1 0.665652174417847 0.8778228074499014 1 0.6498333975467386 0.8739396278397938 1 0.6491042641511673 0.8793695119043177 1 0.4165714720801803 0.8855188619221884 1 0.41367962270139047 0.8917073636859114 1
0 0.5579421214473405 0.8999562656565524 0.29362429693847186 0.042886317222599384 0.7014316961771928 0.9098037717113945 1 0.6883479690278499 0.9061639223066904 1 0.6988851258392061 0.9196906400053425 1 0.6878884630858492 0.9162591789253353 1 0.6659127263233264 0.8785131070452558 1 0.6675402847773118 0.8980275159401955 1 0.6449998094157794 0.89059036817435 1 0.6460907112998333 0.8982775819298318 1 0.4133230695194725 0.9036076921904098 1 0.41363876749049905 0.9122303379811971 1
0 0.555819950895415 0.9241820997576171 0.2853531899824575 0.04651690492397664 0.6946851475287715 0.9369711935855197 1 0.6867908796429035 0.9342740282836272 1 0.6953217775600963 0.9461538069379243 1 0.6865949622318508 0.9436625438411201 1 0.6662172028535369 0.9022748035140411 1 0.6650627416438822 0.9233982228675492 1 0.6482433051387475 0.9091255170651341 1 0.6489496531157074 0.9175726114793585 1 0.41723713611473834 0.917738480166087 1 0.4148332744512137 0.9276194546488313 1
0 0.5591338454432317 0.9467892599978942 0.287650719692461 0.043340140685271054 0.7001131650229111 0.9570526125531976 1 0.6900544185879323 0.9548848278227967 1 0.6992348754257176 0.96707016586815 1 0.6890676950759244 0.9651042783129178 1 0.6664645598132103 0.9259133807149406 1 0.6634910626843955 0.9456547013412172 1 0.6490508036392897 0.9325586528469384 1 0.650619199953722 0.9422186094095499 1 0.4176269019407343 0.943061424411657 1 0.41703258227194817 0.9525917171277902 1