0 0.6007294973748486 0.04501521008707741 0.455140969746074 0.09003042017414797 0.38029457792354165 0.004594759755147017 1 0.39872111755659145 0.007088135132924211 1 0.37700852206461505 0.051734190406945074 1 0.39625800745443474 0.05466405878860554 1 0.42471933086874086 0.0038582389984344718 1 0.4220939224824917 0.07859364964197227 1 0.4241188186616755 0.03589288851516367 1 0.42509833553438453 0.071190462218593 1 0.8278988268280965 0.05043661670351583 1 0.8244476091010003 0.08813765535861802 1
0 0.5986650107450526 0.12349449555695305 0.44631555051078486 0.07933333333333346 0.3792888969631635 0.08928175591564141 1 0.3938632447894651 0.09102696308942 1 0.37776881840164117 0.1346670373009227 1 0.3933706227690338 0.13723599215559198 1 0.4241098940013072 0.08700964707210397 1 0.4226742404402416 0.15997934404180095 1 0.4258477847784748 0.11265343185874588 1 0.4232580371756332 0.14704056853159692 1 0.8200538251088955 0.1182799006280719 1 0.8180200182768276 0.1547647491129203 1
0 0.5989113217552717 0.19982782889028639 0.44483768444949023 0.07866666666666644 0.3803211747288999 0.17628732177835016 1 0.3958440181504339 0.17814384620630302 1 0.3792690763729549 0.2219929494839778 1 0.3938735300687086 0.22356252276783684 1 0.4223470399943092 0.16379752585998272 1 0.42438438239111703 0.23519146525392212 1 0.42382662026881046 0.16810179302139275 1 0.4211629472214064 0.1980350026688881 1 0.8200314331988758 0.17005973983648245 1 0.816975419603664 0.2030900428667854 1
0 0.6023596758982895 0.28149449555695344 0.45567536889897997 0.0806666666666673 0.3772482332782668 0.2621147800343797 1 0.3925955841227093 0.2618538029162597 1 0.37716423683111183 0.30655633847593805 1 0.39210296210227796 0.30644007378824495 1 0.4230269398076318 0.24303995010240698 1 0.422125692213924 0.31861570767816455 1 0.42649007903956354 0.2762025969793395 1 0.42722333373896154 0.30887421107952506 1 0.8270624929450321 0.27721805770908603 1 0.827429120294731 0.3113392698302981 1
0 0.6063006520617391 0.37316116222361895 0.4655278093076063 0.09600000000000054 0.37553594856088235 0.34743945535905507 1 0.39102493627157336 0.34900531806777485 1 0.375910289870014 0.3907901047097044 1 0.39102493627157325 0.3908210261691974 1 0.41946051922996364 0.32922176828422517 1 0.42253453206385144 0.40376722282967975 1 0.42245717819287454 0.3395792203559629 1 0.41668349383423076 0.37688286908818314 1 0.8332426601104431 0.37815312264415096 1 0.8360209711660815 0.41675918325021155 1
0 0.6065469630719538 0.44882782889028555 0.47094665153235016 0.08599999999999976 0.37347160730606044 0.4319447120071689 1 0.3893739346763479 0.4322823743448312 1 0.37434285616864155 0.4766719847344415 1 0.3893739346763478 0.47768497174742863 1 0.42064525483281917 0.4087066167690736 1 0.4182961399089442 0.48628237434483124 1 0.4254859786534212 0.4139100799725368 1 0.4192325288734004 0.4437109457734026 1 0.8412141800774229 0.4448711189335757 1 0.8385800772078438 0.47832566438812113 1
0 0.6045764749902286 0.5274944955569528 0.46700567536889953 0.08333333333333325 0.37330736425314154 0.5147690781172493 1 0.3905488135532617 0.5135940626565194 1 0.3732008687576416 0.5621283854765564 1 0.38907094749196763 0.5606033390943673 1 0.4186544104692578 0.4889187379811949 1 0.4182682839443264 0.5647369197993767 1 0.4203181615252121 0.4928358684697539 1 0.41605769887526173 0.5182199129966557 1 0.8364447032432466 0.5254110076163216 1 0.8338218498978401 0.5556534318587459 1
0 0.6030986089289363 0.6241611622236211 0.4650351872871761 0.10333333333333536 0.37335429083968985 0.6012656767567052 1 0.3886648932385021 0.6000226340850909 1 0.37275303055724945 0.6469106984017267 1 0.3891575152589335 0.6431815703868844 1 0.418800975698477 0.5752520713145283 1 0.41841699194005466 0.6484035864660435 1 0.41905007230515445 0.6132100181296178 1 0.4157684253965396 0.6423899810238666 1 0.8314736992188944 0.6437307355074782 1 0.8318033638463123 0.672639826416569 1
0 0.5998965657961315 0.6911611622236207 0.4694687854710564 0.08800000000000026 0.36807622837459 0.6892730979069833 1 0.3918803286619872 0.6895118115742683 1 0.36697591777219113 0.7322341368680222 1 0.3908950846211246 0.7296169445365444 1 0.418255427345272 0.6505247985872554 1 0.41492213976378894 0.7311308591933159 1 0.4162310486858441 0.6660300552353691 1 0.4158858490012356 0.7017158932069213 1 0.8323245917996392 0.6918816322298034 1 0.8316593699369037 0.7255179958661668 1
0 0.6067932740821702 0.779827828890286 0.4655278093076073 0.09199999999999828 0.37570008447547576 0.7739323434233714 1 0.38746322978022507 0.773355967418424 1 0.37658204717060206 0.8202440317350596 1 0.38894109584151904 0.8185149037202174 1 0.4169566965641349 0.7352520713145281 1 0.41361162376685207 0.8144035864660432 1 0.4204961182837891 0.7418766847962844 1 0.4147674320218354 0.767056647690533 1 0.838482367055031 0.7950640688408112 1 0.837834823015995 0.8233064930832356 1
0 0.5989113217552691 0.8841611622236191 0.46552780930760673 0.13133333333333344 0.3690144386905789 0.8587517620999331 1 0.3849733350967054 0.8558970929595496 1 0.3689240139438969 0.9039292512774221 1 0.3849733350967054 0.9020319105229386 1 0.41607730518881963 0.821282374344831 1 0.41518248589463896 0.8983732834357402 1 0.41381861501162664 0.8489224485563339 1 0.4120694747102865 0.8815705623473048 1 0.8284060075462084 0.9206144708197848 1 0.8292556144670479 0.9451599253652392 1
0 0.603344919939152 0.9449139144451429 0.4704540295119213 0.10083883777638082 0.3715245825176093 0.9451435190837115 1 0.3854762423963801 0.9432631340703252 1 0.3699316498947791 0.9916077749270511 1 0.3844909983555175 0.9912999532202255 1 0.41727018330440946 0.8971083821225454 1 0.41344427370249504 0.975386113434407 1 0.4177089147471381 0.900853265857469 1 0.4129301168786477 0.9266843098065741 1 0.8357729459426588 0.9551100643112793 1 0.8375708341820794 0.9899155966338768 1