0 0.5581918524624261 0.015808465517121142 0.17059126167275301 0.031616931034242284 0.6425721954044651 0.0 1 0.6273201158603537 0.0 1 0.6402534235219665 0.00041082714360207663 1 0.6297129082542904 0.0015012798402604765 1 0.6063175453167935 0.011623970766844075 1 0.6099116859912421 0.031213216863874856 1 0.567584173390777 0.014745293209024016 1 0.5671496408276735 0.023216392695853315 1 0.4740970268051483 0.019651487440990514 1 0.473413248223798 0.027114924890736764 1
0 0.47662259254669803 0.05134982632794918 0.340487096693451 0.050966183574879254 0.642636641001033 0.026004210408996434 1 0.6321078700804005 0.02890263394736959 1 0.6438522446890704 0.03880615923980204 1 0.6328204791656767 0.041774637081210216 1 0.6098764069817759 0.057882544817189414 1 0.6111581683457684 0.07645961991600363 1 0.5929999155329043 0.06300251111727988 1 0.5900699193352643 0.07407373802701613 1 0.3097489678109405 0.05209888748073704 1 0.30805514773853593 0.06187051681758374 1
0 0.47657558159481683 0.07452879345162844 0.3427753164292932 0.05241545893719799 0.6440881959218765 0.049311671029537055 1 0.6313839481923095 0.05269869118674352 1 0.6450717621432599 0.06153326585982748 1 0.6313839481923095 0.0646894954135726 1 0.611166397148276 0.07889857825619584 1 0.6152169143457474 0.09986915357459725 1 0.591304072560842 0.08284352909555655 1 0.5924241954363173 0.09370726853072461 1 0.3071641131520335 0.07095938149712336 1 0.3072665306426025 0.0815654421031839 1
0 0.4671938806778596 0.09675101567385087 0.36245400615754314 0.04903381642512075 0.6453522407520291 0.07317161026214711 1 0.6347731808345423 0.07573809140005675 1 0.6463198819991742 0.08539634205209622 1 0.6347731808345422 0.08850641348514908 1 0.6159168169635139 0.09919941268746507 1 0.6144915317692001 0.12014802928825558 1 0.582337316753878 0.10360594473374866 1 0.5806638010236272 0.11453331963627883 1 0.28715259146220584 0.09669118937178836 1 0.2876887654385864 0.10813168124706282 1
0 0.4786349793570756 0.12078483209897192 0.34231767248212386 0.04975845410628086 0.6466377842974032 0.09690831179387968 1 0.6356693587597937 0.09957114240702084 1 0.646738878068689 0.1092340025208623 1 0.6348521770164239 0.1123178547678226 1 0.6146157465682576 0.12046643069361351 1 0.6140599649673465 0.1450162769825902 1 0.5572610560697873 0.12729648814478897 1 0.5570978250838462 0.1388642509547878 1 0.3091611049214967 0.12144695465550398 1 0.30885066745494183 0.13227260243767344 1
0 0.5777098725016596 0.40141050284969193 0.17207412413539785 0.03285024154589241 0.6607265976547961 0.3861225090568434 1 0.651550992111254 0.386764038203226 1 0.661417110838317 0.3990201395897622 1 0.6515509921112539 0.399823201262389 1 0.6183040252699283 0.3911777404430152 1 0.6247331364320443 0.41043553578776704 1 0.5798272968887966 0.3995722444896931 1 0.5793033652363618 0.40940033910039647 1 0.4930873462706609 0.407791078795484 1 0.494655956233118 0.41633301994612076 1
0 0.5826496372951456 0.4232324559667636 0.16351745714903618 0.02530689656646002 0.662083597650923 0.4108533569592549 1 0.652721726525389 0.41167910156943105 1 0.6626585542355756 0.4226182854361946 1 0.652721726525389 0.42361523397537654 1 0.6241296503878416 0.41542802798076467 1 0.6296738571177729 0.43449159904447626 1 0.5822616627797083 0.42167624789320474 1 0.5826318916694591 0.43072284387839355 1 0.5018758249403962 0.42695968997368894 1 0.5017183992649443 0.4354821900796263 1
0 0.5788801255341027 0.45587339722675313 0.17796566639915107 0.04696541515273847 0.6659833810213472 0.43259629176497594 1 0.6474130689375218 0.4341514776445173 1 0.6662636319582753 0.44389155013330656 1 0.6484329294899526 0.44519282301886925 1 0.6217184830359939 0.4393578175299043 1 0.5824285659685927 0.4671406927088232 1 0.5827277812546364 0.4519136527975454 1 0.5812738478224522 0.4630019358738324 1 0.4904767585574992 0.471559827412288 1 0.497398745984637 0.47905912397093053 1
0 0.49891557555100857 0.5160078906044778 0.3400294527462827 0.023671497584541575 0.6664280903469796 0.5102650919911801 1 0.6560830280197042 0.5101772571207365 1 0.6661641989136378 0.5231796370308415 1 0.656337993157812 0.5231852751997557 1 0.637568453908262 0.5067522911314833 1 0.6310722587921679 0.5262296736523442 1 0.6120554508056902 0.5103535208196697 1 0.6095771266898794 0.5213987557779481 1 0.33177152484647 0.5055884790981062 1 0.33053236278856446 0.5176218563488747 1
0 0.4990352059328375 0.5384884313864314 0.3414023845877878 0.024154589371980624 0.6659112529266088 0.5352965593746462 1 0.6538280801968822 0.5356579610448591 1 0.6663813727763342 0.5481031762851055 1 0.6539326528549757 0.5481625909053115 1 0.6323495352700212 0.5298696347241566 1 0.6313171988150338 0.5490395951984649 1 0.6101332008969229 0.5322084622182637 1 0.6086537707901997 0.5443614920731568 1 0.3317871452403067 0.5277651829302639 1 0.3292168543982704 0.5389202114765969 1
0 0.4988150675545364 0.565182226865224 0.3418600285349563 0.021739130434783777 0.6665069649987297 0.559909786620919 1 0.6557470294666863 0.559827436727824 1 0.666499970196636 0.5729296209480207 1 0.6557470294666863 0.5726060659660807 1 0.6356600632114057 0.5546640011296059 1 0.6359887148672453 0.574492723132241 1 0.6108031690474451 0.5593488263113255 1 0.6102748580270947 0.5707512265336014 1 0.33296074070111 0.558628670001107 1 0.32995072150792315 0.5689053498430042 1
0 0.4995658319267673 0.5871508398933594 0.34414824827079776 0.025362318840580225 0.6677647131124023 0.5851473701037103 1 0.6573402239715614 0.5852053100507417 1 0.6678747944968233 0.5977874102770568 1 0.6570329725044071 0.5972883731675388 1 0.6347296479595328 0.5767533871046024 1 0.6359924984166175 0.5970652008946771 1 0.611803557390858 0.5773615091412958 1 0.6125914454912903 0.5878913864413595 1 0.3303415814623714 0.5770850085542363 1 0.32913377169749725 0.5868785966086939 1
0 0.5012361307173928 0.6115162577765324 0.3418600285349558 0.026328502415459105 0.6684215863549474 0.6100483847248079 1 0.6564983590806721 0.6094348850429853 1 0.6685465974027168 0.6226119081578967 1 0.6564983590806721 0.6219791385810275 1 0.6360652236978898 0.5989668506619074 1 0.6377707884387949 0.6202009305916395 1 0.6126987080604416 0.610125464304993 1 0.611700809362244 0.6187812322775312 1 0.335298595873571 0.6112991353544406 1 0.33182496086787605 0.6210707646912873 1
0 0.497067777788591 0.6360664466854208 0.34826704379531515 0.027536231884057075 0.6687360801623033 0.635218576640502 1 0.6575988488932166 0.6346990710456069 1 0.6686848206469214 0.6481252583848377 1 0.658311457978493 0.6474191245864291 1 0.6341245756028273 0.6228582780424682 1 0.6335677986910264 0.6468591563911725 1 0.610606175523583 0.6327146052900998 1 0.6090729986288058 0.6427873827541815 1 0.32647059548269003 0.6349951749619737 1 0.3252463630881326 0.6449424740397076 1
0 0.5007709035583587 0.6609287217198327 0.3423176724821249 0.030676328502416823 0.6694710233081388 0.6598859067018611 1 0.656945533414395 0.6585948237337594 1 0.6686638261764429 0.6747990129193151 1 0.6560302455200576 0.6735827688459282 1 0.6365285220680286 0.646216380920534 1 0.6355051434110501 0.6688777774949741 1 0.6141187987890258 0.6516155366302487 1 0.6135277831826128 0.6629377203126808 1 0.33333562488743973 0.6593705490436462 1 0.33120954129555874 0.6707012473308664 1
0 0.49962679369043617 0.6848417651980934 0.34643646800664174 0.03212560386473573 0.6691005685949241 0.6858514180710993 1 0.6575640196013688 0.6852715286713341 1 0.6696623220611745 0.699196044459204 1 0.6584793074957062 0.6981810139410678 1 0.6354279072859951 0.6697122087641881 1 0.636696729608419 0.6924833989266826 1 0.611305054903324 0.6704422240904767 1 0.611159739513401 0.6799673780255685 1 0.32821833347819074 0.6780766876255613 1 0.32791685380964486 0.6874091426101903 1
0 0.4987115057961 0.7088755816232158 0.34826704379531687 0.03429951690821266 0.6701247435006145 0.7110306729087391 1 0.6573782945893165 0.709688054174816 1 0.6684142022052602 0.7241180686048305 1 0.6569206506421479 0.7232303090214187 1 0.6366268587839492 0.6923626259798228 1 0.6337609606076174 0.7135527884743331 1 0.6051695604537236 0.7029310430699789 1 0.6046143760393465 0.7137253212555614 1 0.32626294570392494 0.7094590561197313 1 0.32552770954956767 0.7196918185264066 1
0 0.5028723463475651 0.7352143262673831 0.35192819537266584 0.03429951690821443 0.6767701786264977 0.7394232298551664 1 0.6562675705436013 0.7364032339780276 1 0.6745512325285906 0.7509390087622496 1 0.6548946387020955 0.7479176684738288 1 0.6378527265833256 0.719601678046037 1 0.6345799453152092 0.7397158633776136 1 0.6257409874265064 0.7268682210268657 1 0.6245758764988083 0.7382517994911896 1 0.3289052404306952 0.7364153336795685 1 0.3290091508875988 0.7469555181327964 1
0 0.49760944095512577 0.7587650509050646 0.35147055142549705 0.03647342995169096 0.670406658452025 0.7620664768772955 1 0.6623682291120556 0.7609452378678576 1 0.6704948429968687 0.7754581576602805 1 0.6628258730592244 0.7742683536754456 1 0.6365592205508324 0.741988590650341 1 0.6360133920588201 0.7632226705800731 1 0.6202284580628844 0.7444663406436188 1 0.6200353677502469 0.7552220790391087 1 0.3251816828605502 0.7509343033227618 1 0.32348338388914133 0.7626382998093668 1
0 0.5017282364796437 0.7832819591176252 0.3478093998481476 0.039613526570047713 0.6726707926688856 0.7882739822773476 1 0.6602868349791305 0.7867169508400761 1 0.6722256246242739 0.8011957548619308 1 0.6607444789262993 0.7994542212037832 1 0.6382460734470077 0.7649574092713336 1 0.6376713809391887 0.7849398422972448 1 0.6228943982814384 0.7668449627116819 1 0.6227879000162208 0.7780483900641777 1 0.3299037363154266 0.7738363495167334 1 0.33007930915640177 0.7857599331794474 1
0 0.4853474653856128 0.8067399465147227 0.3835056277273014 0.04371980676328871 0.6730074613389689 0.812700169866247 1 0.6604347937090446 0.8111316900368977 1 0.6730438897175387 0.8272148822070462 1 0.6608924376562131 0.8249249016561961 1 0.6388208214865039 0.7859230822195941 1 0.637869105213597 0.8075085016311006 1 0.6098299035414106 0.7979533225107039 1 0.6090239007827828 0.8070599163999065 1 0.2949051773706713 0.8079633607816119 1 0.29495981993852605 0.8167029303907467 1
0 0.48488982143844367 0.8307737629398406 0.38442091562163616 0.04492753623188312 0.6735523940511804 0.8392014291314813 1 0.6632706334965017 0.8372233519981248 1 0.6744792275518402 0.851984539740679 1 0.664185921390839 0.8499150426401261 1 0.6368616515308565 0.8089687563522248 1 0.6391383256603769 0.8301150014115134 1 0.614096502733076 0.8175864326717646 1 0.6141311395520439 0.8293509276660731 1 0.29575805927221305 0.8286258418478197 1 0.2944024458401911 0.839078191430604 1
0 0.49999207169500864 0.8548083636048822 0.35055526353115674 0.046619925967738785 0.6733342219041177 0.8626938959469294 1 0.6611796843790334 0.860999937731232 1 0.6720245918352085 0.8766596403474566 1 0.662094972273371 0.8747178623187221 1 0.6388132571237408 0.8326731920131821 1 0.6401228871926501 0.8552028362819569 1 0.586605020643593 0.8351827597401412 1 0.5867949259613828 0.8461966251018327 1 0.3265866197132988 0.844631282232142 1 0.32759686026653084 0.8563791961539688 1
0 0.5004497156421787 0.8800491252586883 0.3551317030028444 0.0487922705313998 0.675811951847053 0.8896569449285746 1 0.6625985995836522 0.8871025790512649 1 0.6743324882284494 0.903226713076988 1 0.6623894542674653 0.9002463097593202 1 0.638854861118938 0.8564325244681669 1 0.6396740019813122 0.8807188661458127 1 0.579728318174296 0.8634974057566506 1 0.5813896911116904 0.875054861413485 1 0.32452722195103995 0.8720178363267708 1 0.324671442498984 0.8836779153781538 1
0 0.5026217879659534 0.905790977182232 0.35467405905567617 0.04927536231884047 0.6786550597591324 0.9150615892478704 1 0.6631995736677483 0.9118264875655638 1 0.6764848838948296 0.9285348309819819 1 0.6622842857734111 0.9255928109592166 1 0.6388427236948656 0.881812057551134 1 0.6442164071893489 0.9044075779727414 1 0.5854772392430498 0.8902177650251644 1 0.586289014804839 0.9018343747784201 1 0.32875869203707664 0.9000100086683397 1 0.32756282600288117 0.911670087719723 1
0 0.5049100077017985 0.9301871124479351 0.3482670437953149 0.05120772946859323 0.6768897763648344 0.9398296783016741 1 0.6656792912188053 0.93727036735727 1 0.6756528039908866 0.9539648185237708 1 0.6652216472716362 0.9511178035649543 1 0.6421937363989267 0.9057470597470059 1 0.6429730648257057 0.9304725757768696 1 0.584180946340065 0.9086133446008682 1 0.5859617565842453 0.9186121794444237 1 0.3327942795711999 0.9224683991391527 1 0.3325405748253684 0.9321741523231667 1
0 0.5041325164717017 0.9563612604038397 0.3587928545801953 0.05048309178744585 0.6790873689156898 0.9668411704179057 1 0.6634742255793482 0.9626712547573067 1 0.6786820783213291 0.9795458570356358 1 0.6643895134736854 0.9766979458026313 1 0.641871998025308 0.9316247650151648 1 0.6413620007253317 0.9557354369519238 1 0.5844950125629044 0.9364323797606676 1 0.5851097165684964 0.9485383552206805 1 0.32683709093905855 0.953913311527314 1 0.3292038407041135 0.9659686474956933 1