0 0.6742061296855325 0.0657334422406471 0.2626645602948924 0.04422657952069724 0.8023226667229973 0.04855444943140207 1 0.7833131021315418 0.05159768692842105 1 0.8026194270021602 0.053780378186742556 1 0.7828302628662939 0.05702773773662315 1 0.764381350479527 0.06605033667518849 1 0.7674644650571001 0.08611371556209677 1 0.7435559406130242 0.06756366928095804 1 0.7434805429200169 0.07463356794749537 1 0.5467585108993986 0.045621154901468904 1 0.5467208120528948 0.05445458726431301 1
0 0.6840451316091388 0.08744811058307708 0.23942533432639723 0.03934544809801666 0.8015896493189424 0.07125855295166354 1 0.7863775809185715 0.0739509725863732 1 0.8020236744462028 0.07712525292330108 1 0.7863775809185715 0.07980099940395163 1 0.7630519385058633 0.08667951748039504 1 0.7698005169246573 0.10646181231617546 1 0.7556858332550548 0.08733137434278077 1 0.7552441581898891 0.09571129196639586 1 0.5660665887720704 0.06869951854942735 1 0.5656535370487306 0.07504967448970379 1
0 0.6792445582877494 0.1069366261909766 0.25192316881902277 0.04621293962309456 0.802561366740718 0.09497435282122338 1 0.7878229299394311 0.09711647395094676 1 0.8035737328004289 0.10009994383086192 1 0.7886209970001038 0.10280526532830238 1 0.7706496191169458 0.11185254810365759 1 0.7712333871785804 0.1296284344427416 1 0.7423809544768214 0.11132676080900358 1 0.7427578291203784 0.11769856346662343 1 0.5551814061286247 0.08448555324862324 1 0.5540397316826151 0.08995253854996213 1
0 0.6820377930001035 0.12776245742372197 0.24846487822277405 0.04585283879486233 0.8038914785085057 0.11765803263747177 1 0.7904831534750069 0.12022684095760473 1 0.8049038445682167 0.12302992637810874 1 0.7904831534750069 0.12581497335267167 1 0.7719797308847337 0.12975938019846234 1 0.7722974765928107 0.1498922901405188 1 0.749563558022876 0.1301168086643326 1 0.7494083879593176 0.13654651250645475 1 0.559969808492661 0.10555713047020818 1 0.5590941564002092 0.11220262757303333 1
0 0.6836339271214482 0.15428988510347225 0.24899692292988945 0.03793062057376082 0.8058930681874268 0.14199846576950942 1 0.7909650947984377 0.14439958335144906 1 0.8063548755876216 0.1465316831223162 1 0.7914971395055527 0.14893369149170976 1 0.7727140405218265 0.1535314909349231 1 0.7746464343036495 0.17233311902715254 1 0.7439274480632927 0.15303799468547233 1 0.7442487808496473 0.15901918704456477 1 0.5611790010088319 0.13622928082444097 1 0.5608076226948941 0.1429293386588164 1
0 0.6876242624248106 0.1765561196491451 0.2426123864445069 0.03997119193374183 0.8067543141106668 0.16522174008594695 1 0.7925356565230296 0.16707814113983757 1 0.8072496780495879 0.16998255363322068 1 0.7925356565230296 0.17231084934080546 1 0.7744091085763132 0.17641426174711414 1 0.7736477222838342 0.19614342227569848 1 0.7507511123571784 0.1772580601628041 1 0.7506410700525967 0.18404942371120248 1 0.56746680209292 0.15778967766134377 1 0.5684758703548594 0.1646534176903701 1
0 0.6880232959551489 0.22126863915460676 0.2471347664549864 0.03240907454087137 0.8098453341761664 0.21113893827435246 1 0.7943944573440601 0.21344229193322856 1 0.8097889823335468 0.21630973674727555 1 0.7941284349905025 0.218538486956889 1 0.7768186994812645 0.21776038411592286 1 0.7774070960309992 0.23690028874376406 1 0.757731335261053 0.22152017526189638 1 0.7559661456118485 0.22851753340900505 1 0.565725564869634 0.20619150475549045 1 0.5653750147521469 0.21336078488119828 1
0 0.6849640388892361 0.24713588198259934 0.25378532529392517 0.036850318089064096 0.8101620384744208 0.23490492484706782 1 0.7968821539857017 0.23647471503767178 1 0.8101033723877511 0.23995724858862447 1 0.7966161316321442 0.2415457453157601 1 0.7775090384814056 0.24543358715822924 1 0.7791638386894206 0.2645625796397604 1 0.7542335868037503 0.24623329159495203 1 0.7532595214830684 0.2520447889440799 1 0.560090727744278 0.2299445749101244 1 0.5613328403820614 0.23560797884504436 1
0 0.6813720450120484 0.2704362748655548 0.2662551665846423 0.030408828197385846 0.812228814484994 0.2562438365061158 1 0.7957508706603642 0.25779655035945037 1 0.8118469207301174 0.2659729777779714 1 0.7954848483068064 0.26751024549329844 1 0.7755853027842279 0.2668769538349904 1 0.7794254871353529 0.2843184863054368 1 0.7566964046170084 0.27079571750083614 1 0.7560439948667859 0.2775467302697693 1 0.5498330798797446 0.2616566074932477 1 0.5496592727777663 0.26875692000142737 1
0 0.6918393291412626 0.29160039689815703 0.24819885586921736 0.027967830992677984 0.8136486968761036 0.2785609387997965 1 0.7984531390188232 0.27980514617600655 1 0.8141249683016117 0.28756034174950557 1 0.7984531390188232 0.28901232529933363 1 0.7803291367405619 0.286728123570716 1 0.7814489994363992 0.3047549892749314 1 0.7729296885270142 0.29069346392167295 1 0.7724963463286353 0.29803800647893214 1 0.5690216452737921 0.2814161352863526 1 0.5686719629978239 0.28874909760671147 1
0 0.6930364297322689 0.31428674907676696 0.2442085205658553 0.02628736046092939 0.8136106275614797 0.30155082680331685 1 0.7992222780288698 0.30286407020720285 1 0.8130366950370579 0.31172250604233503 1 0.799754322735985 0.3131415304563695 1 0.7820395945179817 0.3076357959007866 1 0.7818154599817306 0.3264592482856362 1 0.7619934968439199 0.3134911645320182 1 0.7616018110384426 0.3201807556138106 1 0.5722380973668064 0.30395261247584693 1 0.5716432209337314 0.3113837841129963 1
0 0.69429887454127 0.33744534099163115 0.24476421170439655 0.027864507944577604 0.8145205037179047 0.3253647500882971 1 0.7999451311237693 0.3264244094470702 1 0.8149776312023539 0.33434741802370715 1 0.8004771758308845 0.3360859927870986 1 0.7828892039022689 0.33211261788263613 1 0.782964121124935 0.3505802487123166 1 0.7614232725042888 0.3336921805356018 1 0.7604004537756183 0.340043276751524 1 0.5736201178801834 0.3242752799160552 1 0.5729756973390694 0.33080833911915614 1
0 0.7059807332788366 0.38041772620066633 0.2258529781703835 0.023166486616253618 0.8163130704960772 0.3723316030880494 1 0.8016586986099098 0.3736147824153668 1 0.8170692497394434 0.3812764453062082 1 0.8024567656705826 0.3826052774905371 1 0.7839439703919064 0.3734339525622287 1 0.7858480146841159 0.39136260894965363 1 0.7553851574040025 0.3767102688176077 1 0.7547274492449675 0.3825021688427502 1 0.594892216818222 0.3699629992481765 1 0.5945633627387045 0.37622657123014963 1
0 0.6972019956114353 0.4043044144733824 0.24553863233364237 0.01980554555275468 0.817339206307886 0.39543952042920927 1 0.8028774952388884 0.39651158312995655 1 0.8178189490994693 0.40472108030493553 1 0.8028774952388884 0.4055365962189647 1 0.7862524288318689 0.3963385476670399 1 0.7881668872223038 0.4135906509832412 1 0.7534784517311353 0.40210728721838146 1 0.7525234789238664 0.4081278969223083 1 0.5763190197698386 0.3952194959281003 1 0.5749104551287526 0.4015048922026936 1
0 0.6913495038331658 0.42705078345669817 0.2577756605972891 0.02520705797623332 0.8191255712901487 0.4183650490391866 1 0.8041686119944323 0.4189391615532137 1 0.8182300745549673 0.42756866501269825 1 0.80443463434799 0.42809066646067323 1 0.7810924745855908 0.41995243228200485 1 0.7833180830885601 0.43883044539840466 1 0.7576304369813973 0.4213342663198397 1 0.7573381479578712 0.4273341652154637 1 0.5636708660506922 0.41532701842772113 1 0.5637907438924865 0.4210449830941914 1
0 0.7006602862076794 0.4527379758705755 0.23968614055537543 0.023046453006840252 0.8187834681634444 0.44189252727112505 1 0.805665696470434 0.4423644219248191 1 0.8189676819898315 0.45105405353744055 1 0.806197741177549 0.45186956945146983 1 0.7898668151892956 0.4459124283536322 1 0.790746690777139 0.46364466610747596 1 0.7760528031738161 0.4525214031708482 1 0.7758073775923042 0.4592622145312387 1 0.5828849351326459 0.45199539317933074 1 0.5816981329276597 0.4588809575009771 1
0 0.7176857168353674 0.5364614184344914 0.21414799461384756 0.018605209458648082 0.8234955583299293 0.5312583289163648 1 0.8097217563048201 0.5312656779128593 1 0.8234779700751486 0.5409981989371135 1 0.8094557339512626 0.5411402795360077 1 0.7921247073967638 0.5272188305098722 1 0.7918762732979869 0.5440235358273612 1 0.7687015490926117 0.5339603099608532 1 0.7683827619747121 0.5411843735149748 1 0.6116274412420257 0.5388155469782385 1 0.6121331035669698 0.5450572946675915 1
0 0.7159942866845381 0.558314671359408 0.21906854873851062 0.017823784261618857 0.8243011346352029 0.5535717336904713 1 0.8094087745520864 0.5535102555206127 1 0.8237763797968455 0.5637404183650552 1 0.8095923590639723 0.56363882017092 1 0.7941776345886701 0.5494027792285986 1 0.7936008823557111 0.5666105424592341 1 0.7813858874897638 0.5555546127272724 1 0.78219822162921 0.5618617337892768 1 0.6065599329652483 0.5600012230817122 1 0.6070578922909146 0.5664927786532924 1
0 0.6968921233701503 0.5861913589780714 0.25937179471863386 0.022806385788020578 0.8252762584512899 0.5765478053507728 1 0.8101174970744058 0.5763306759088891 1 0.8241112679964757 0.5863858846883119 1 0.8101174970744058 0.586214630800303 1 0.7876706026227832 0.5750118650834163 1 0.7901657048453854 0.5922094076680673 1 0.7608526797215577 0.582606050824626 1 0.7616140660140365 0.5893530976971939 1 0.568874911683145 0.5910420307097547 1 0.5681915154151542 0.5970000625950461 1
0 0.7039417157394237 0.6086376439378575 0.24580465468719925 0.026167326851517413 0.8256814247283589 0.5988114788825157 1 0.8108054061182942 0.5979429611149805 1 0.8256227586416892 0.60935572997412 1 0.8110714284718519 0.6086707144220845 1 0.7938264917960164 0.5956685580483555 1 0.7944172025898013 0.6127242427309757 1 0.7740093307146095 0.6023986799592995 1 0.7743653771617156 0.6083809858027094 1 0.5811965834229252 0.613936381758846 1 0.5821726737071511 0.620723736763702 1
0 0.7128858466413348 0.7783508623395679 0.24012342566596004 0.030692782345306396 0.8311025191408427 0.7782503833705743 1 0.8177989773679505 0.776608673009582 1 0.8315627969467269 0.7887721224292448 1 0.8177989773679505 0.7872079324097664 1 0.8001227964391592 0.7631386370756094 1 0.7999285409868326 0.7820264925200535 1 0.780958131740869 0.7710983862681137 1 0.7796787416229456 0.7791581743849733 1 0.5936768516288256 0.7871941492205595 1 0.5948993130447667 0.7936972535122211 1
0 0.7179764601990025 0.8018593362688828 0.23269700781190658 0.031372420641416356 0.8332510391535135 0.8018044414920423 1 0.8192480112552433 0.8000299928839089 1 0.8321242337255258 0.8119262366336428 1 0.819248011255243 0.8102038990915615 1 0.7997222713558438 0.7861731259481799 1 0.801115099137389 0.8053457670149511 1 0.7832168513662138 0.7927135101314469 1 0.7864869939211899 0.7993171402239394 1 0.6016279562930493 0.8106040853552182 1 0.6031300163937587 0.8171295488486326 1
0 0.7165047563971769 0.9379799030046649 0.24866222160270143 0.047276688453160354 0.8375972317527876 0.9360429666139352 1 0.8242874387226912 0.9341234109128665 1 0.8373901506238035 0.9480425139075997 1 0.8242874387226911 0.9455518206606046 1 0.8064265863370963 0.914727773870171 1 0.8037366318745928 0.9342167815944727 1 0.784289382625122 0.9276521355340285 1 0.7851166570339136 0.9355595409204255 1 0.5932051658443109 0.9545141934885233 1 0.5931359637834587 0.9605549936469706 1
0 0.7162633367645553 0.9608557199981216 0.25397345352042977 0.04248366013072152 0.8411378780134151 0.963503243654044 1 0.8256996228112198 0.960462431369534 1 0.8400018721040085 0.9731572062491831 1 0.8256996228112198 0.9703528521843248 1 0.8053611476278302 0.9399604932205374 1 0.806497153537237 0.9595287245534744 1 0.7787598334319594 0.9477425959606232 1 0.7796973690909706 0.9560295471047171 1 0.5901106050988579 0.9748920415974638 1 0.5929935692546033 0.9818439132552176 1